312.978
288.145
288.48
270.727
280.064
267.823
276.227
277.277
276.257
283.51
274.378
269.152
277.016
284.391
270.517
275.552
275.863
297.141
277.991
274.429
278.148
273.773
276.725
270.499
277.611
284.754
275.009
264.506
282.344
277.237
280.602
269.451
280.444
275.641
285.118
273.519
269.507
275.864
280.664
283.353
266.609
271.385
279.454
282.632
262.537
278.685
277.698
278.277
273.293
273.115
278.638
272.7
279.184
269.739
272.457
286.974
282.23
264.826
278.104
273.59
278.842
278.512
283.695
277.821
279.95
289.054
268.028
276.312
276.49
277.839
277.347
271.758
274.349
275.199
278.921
274.099
285.984
283.676
275.657
277.759
